Data on the device are allocated on global memory for general purpose usage.
Constant memory is limited, therefore.
Optimized Matrix Vector Multiplication
A
   1.00000    1.00000    1.00000    1.00000    1.00000    1.00000    1.00000    1.00000    1.00000    1.00000    1.00000    1.00000    1.00000    1.00000    1.00000    1.00000    1.00000    1.00000    1.00000    1.00000    1.00000    1.00000    1.00000    1.00000    1.00000    1.00000    1.00000    1.00000    1.00000    1.00000    1.00000    1.00000    1.00000    1.00000    1.00000    1.00000    1.00000    1.00000    1.00000    1.00000    1.00000    1.00000    1.00000    1.00000    1.00000    1.00000    1.00000    1.00000    1.00000    1.00000    1.00000    1.00000    1.00000    1.00000    1.00000    1.00000    1.00000    1.00000    1.00000    1.00000    1.00000    1.00000    1.00000    1.00000 
   1.00000    1.00000    1.00000    1.00000    1.00000    1.00000    1.00000    1.00000    1.00000    1.00000    1.00000    1.00000    1.00000    1.00000    1.00000    1.00000    1.00000    1.00000    1.00000    1.00000    1.00000    1.00000    1.00000    1.00000    1.00000    1.00000    1.00000    1.00000    1.00000    1.00000    1.00000    1.00000    1.00000    1.00000    1.00000    1.00000    1.00000    1.00000    1.00000    1.00000    1.00000    1.00000    1.00000    1.00000    1.00000    1.00000    1.00000    1.00000    1.00000    1.00000    1.00000    1.00000    1.00000    1.00000    1.00000    1.00000    1.00000    1.00000    1.00000    1.00000    1.00000    1.00000    1.00000    1.00000 
   1.00000    1.00000    1.00000    1.00000    1.00000    1.00000    1.00000    1.00000    1.00000    1.00000    1.00000    1.00000    1.00000    1.00000    1.00000    1.00000    1.00000    1.00000    1.00000    1.00000    1.00000    1.00000    1.00000    1.00000    1.00000    1.00000    1.00000    1.00000    1.00000    1.00000    1.00000    1.00000    1.00000    1.00000    1.00000    1.00000    1.00000    1.00000    1.00000    1.00000    1.00000    1.00000    1.00000    1.00000    1.00000    1.00000    1.00000    1.00000    1.00000    1.00000    1.00000    1.00000    1.00000    1.00000    1.00000    1.00000    1.00000    1.00000    1.00000    1.00000    1.00000    1.00000    1.00000    1.00000 
   1.00000    1.00000    1.00000    1.00000    1.00000    1.00000    1.00000    1.00000    1.00000    1.00000    1.00000    1.00000    1.00000    1.00000    1.00000    1.00000    1.00000    1.00000    1.00000    1.00000    1.00000    1.00000    1.00000    1.00000    1.00000    1.00000    1.00000    1.00000    1.00000    1.00000    1.00000    1.00000    1.00000    1.00000    1.00000    1.00000    1.00000    1.00000    1.00000    1.00000    1.00000    1.00000    1.00000    1.00000    1.00000    1.00000    1.00000    1.00000    1.00000    1.00000    1.00000    1.00000    1.00000    1.00000    1.00000    1.00000    1.00000    1.00000    1.00000    1.00000    1.00000    1.00000    1.00000    1.00000 
   1.00000    1.00000    1.00000    1.00000    1.00000    1.00000    1.00000    1.00000    1.00000    1.00000    1.00000    1.00000    1.00000    1.00000    1.00000    1.00000    1.00000    1.00000    1.00000    1.00000    1.00000    1.00000    1.00000    1.00000    1.00000    1.00000    1.00000    1.00000    1.00000    1.00000    1.00000    1.00000    1.00000    1.00000    1.00000    1.00000    1.00000    1.00000    1.00000    1.00000    1.00000    1.00000    1.00000    1.00000    1.00000    1.00000    1.00000    1.00000    1.00000    1.00000    1.00000    1.00000    1.00000    1.00000    1.00000    1.00000    1.00000    1.00000    1.00000    1.00000    1.00000    1.00000    1.00000    1.00000 
   1.00000    1.00000    1.00000    1.00000    1.00000    1.00000    1.00000    1.00000    1.00000    1.00000    1.00000    1.00000    1.00000    1.00000    1.00000    1.00000    1.00000    1.00000    1.00000    1.00000    1.00000    1.00000    1.00000    1.00000    1.00000    1.00000    1.00000    1.00000    1.00000    1.00000    1.00000    1.00000    1.00000    1.00000    1.00000    1.00000    1.00000    1.00000    1.00000    1.00000    1.00000    1.00000    1.00000    1.00000    1.00000    1.00000    1.00000    1.00000    1.00000    1.00000    1.00000    1.00000    1.00000    1.00000    1.00000    1.00000    1.00000    1.00000    1.00000    1.00000    1.00000    1.00000    1.00000    1.00000 
   1.00000    1.00000    1.00000    1.00000    1.00000    1.00000    1.00000    1.00000    1.00000    1.00000    1.00000    1.00000    1.00000    1.00000    1.00000    1.00000    1.00000    1.00000    1.00000    1.00000    1.00000    1.00000    1.00000    1.00000    1.00000    1.00000    1.00000    1.00000    1.00000    1.00000    1.00000    1.00000    1.00000    1.00000    1.00000    1.00000    1.00000    1.00000    1.00000    1.00000    1.00000    1.00000    1.00000    1.00000    1.00000    1.00000    1.00000    1.00000    1.00000    1.00000    1.00000    1.00000    1.00000    1.00000    1.00000    1.00000    1.00000    1.00000    1.00000    1.00000    1.00000    1.00000    1.00000    1.00000 
   1.00000    1.00000    1.00000    1.00000    1.00000    1.00000    1.00000    1.00000    1.00000    1.00000    1.00000    1.00000    1.00000    1.00000    1.00000    1.00000    1.00000    1.00000    1.00000    1.00000    1.00000    1.00000    1.00000    1.00000    1.00000    1.00000    1.00000    1.00000    1.00000    1.00000    1.00000    1.00000    1.00000    1.00000    1.00000    1.00000    1.00000    1.00000    1.00000    1.00000    1.00000    1.00000    1.00000    1.00000    1.00000    1.00000    1.00000    1.00000    1.00000    1.00000    1.00000    1.00000    1.00000    1.00000    1.00000    1.00000    1.00000    1.00000    1.00000    1.00000    1.00000    1.00000    1.00000    1.00000 
   1.00000    1.00000    1.00000    1.00000    1.00000    1.00000    1.00000    1.00000    1.00000    1.00000    1.00000    1.00000    1.00000    1.00000    1.00000    1.00000    1.00000    1.00000    1.00000    1.00000    1.00000    1.00000    1.00000    1.00000    1.00000    1.00000    1.00000    1.00000    1.00000    1.00000    1.00000    1.00000    1.00000    1.00000    1.00000    1.00000    1.00000    1.00000    1.00000    1.00000    1.00000    1.00000    1.00000    1.00000    1.00000    1.00000    1.00000    1.00000    1.00000    1.00000    1.00000    1.00000    1.00000    1.00000    1.00000    1.00000    1.00000    1.00000    1.00000    1.00000    1.00000    1.00000    1.00000    1.00000 
   1.00000    1.00000    1.00000    1.00000    1.00000    1.00000    1.00000    1.00000    1.00000    1.00000    1.00000    1.00000    1.00000    1.00000    1.00000    1.00000    1.00000    1.00000    1.00000    1.00000    1.00000    1.00000    1.00000    1.00000    1.00000    1.00000    1.00000    1.00000    1.00000    1.00000    1.00000    1.00000    1.00000    1.00000    1.00000    1.00000    1.00000    1.00000    1.00000    1.00000    1.00000    1.00000    1.00000    1.00000    1.00000    1.00000    1.00000    1.00000    1.00000    1.00000    1.00000    1.00000    1.00000    1.00000    1.00000    1.00000    1.00000    1.00000    1.00000    1.00000    1.00000    1.00000    1.00000    1.00000 
   1.00000    1.00000    1.00000    1.00000    1.00000    1.00000    1.00000    1.00000    1.00000    1.00000    1.00000    1.00000    1.00000    1.00000    1.00000    1.00000    1.00000    1.00000    1.00000    1.00000    1.00000    1.00000    1.00000    1.00000    1.00000    1.00000    1.00000    1.00000    1.00000    1.00000    1.00000    1.00000    1.00000    1.00000    1.00000    1.00000    1.00000    1.00000    1.00000    1.00000    1.00000    1.00000    1.00000    1.00000    1.00000    1.00000    1.00000    1.00000    1.00000    1.00000    1.00000    1.00000    1.00000    1.00000    1.00000    1.00000    1.00000    1.00000    1.00000    1.00000    1.00000    1.00000    1.00000    1.00000 
   1.00000    1.00000    1.00000    1.00000    1.00000    1.00000    1.00000    1.00000    1.00000    1.00000    1.00000    1.00000    1.00000    1.00000    1.00000    1.00000    1.00000    1.00000    1.00000    1.00000    1.00000    1.00000    1.00000    1.00000    1.00000    1.00000    1.00000    1.00000    1.00000    1.00000    1.00000    1.00000    1.00000    1.00000    1.00000    1.00000    1.00000    1.00000    1.00000    1.00000    1.00000    1.00000    1.00000    1.00000    1.00000    1.00000    1.00000    1.00000    1.00000    1.00000    1.00000    1.00000    1.00000    1.00000    1.00000    1.00000    1.00000    1.00000    1.00000    1.00000    1.00000    1.00000    1.00000    1.00000 
   1.00000    1.00000    1.00000    1.00000    1.00000    1.00000    1.00000    1.00000    1.00000    1.00000    1.00000    1.00000    1.00000    1.00000    1.00000    1.00000    1.00000    1.00000    1.00000    1.00000    1.00000    1.00000    1.00000    1.00000    1.00000    1.00000    1.00000    1.00000    1.00000    1.00000    1.00000    1.00000    1.00000    1.00000    1.00000    1.00000    1.00000    1.00000    1.00000    1.00000    1.00000    1.00000    1.00000    1.00000    1.00000    1.00000    1.00000    1.00000    1.00000    1.00000    1.00000    1.00000    1.00000    1.00000    1.00000    1.00000    1.00000    1.00000    1.00000    1.00000    1.00000    1.00000    1.00000    1.00000 
   1.00000    1.00000    1.00000    1.00000    1.00000    1.00000    1.00000    1.00000    1.00000    1.00000    1.00000    1.00000    1.00000    1.00000    1.00000    1.00000    1.00000    1.00000    1.00000    1.00000    1.00000    1.00000    1.00000    1.00000    1.00000    1.00000    1.00000    1.00000    1.00000    1.00000    1.00000    1.00000    1.00000    1.00000    1.00000    1.00000    1.00000    1.00000    1.00000    1.00000    1.00000    1.00000    1.00000    1.00000    1.00000    1.00000    1.00000    1.00000    1.00000    1.00000    1.00000    1.00000    1.00000    1.00000    1.00000    1.00000    1.00000    1.00000    1.00000    1.00000    1.00000    1.00000    1.00000    1.00000 
   1.00000    1.00000    1.00000    1.00000    1.00000    1.00000    1.00000    1.00000    1.00000    1.00000    1.00000    1.00000    1.00000    1.00000    1.00000    1.00000    1.00000    1.00000    1.00000    1.00000    1.00000    1.00000    1.00000    1.00000    1.00000    1.00000    1.00000    1.00000    1.00000    1.00000    1.00000    1.00000    1.00000    1.00000    1.00000    1.00000    1.00000    1.00000    1.00000    1.00000    1.00000    1.00000    1.00000    1.00000    1.00000    1.00000    1.00000    1.00000    1.00000    1.00000    1.00000    1.00000    1.00000    1.00000    1.00000    1.00000    1.00000    1.00000    1.00000    1.00000    1.00000    1.00000    1.00000    1.00000 
   1.00000    1.00000    1.00000    1.00000    1.00000    1.00000    1.00000    1.00000    1.00000    1.00000    1.00000    1.00000    1.00000    1.00000    1.00000    1.00000    1.00000    1.00000    1.00000    1.00000    1.00000    1.00000    1.00000    1.00000    1.00000    1.00000    1.00000    1.00000    1.00000    1.00000    1.00000    1.00000    1.00000    1.00000    1.00000    1.00000    1.00000    1.00000    1.00000    1.00000    1.00000    1.00000    1.00000    1.00000    1.00000    1.00000    1.00000    1.00000    1.00000    1.00000    1.00000    1.00000    1.00000    1.00000    1.00000    1.00000    1.00000    1.00000    1.00000    1.00000    1.00000    1.00000    1.00000    1.00000 
   1.00000    1.00000    1.00000    1.00000    1.00000    1.00000    1.00000    1.00000    1.00000    1.00000    1.00000    1.00000    1.00000    1.00000    1.00000    1.00000    1.00000    1.00000    1.00000    1.00000    1.00000    1.00000    1.00000    1.00000    1.00000    1.00000    1.00000    1.00000    1.00000    1.00000    1.00000    1.00000    1.00000    1.00000    1.00000    1.00000    1.00000    1.00000    1.00000    1.00000    1.00000    1.00000    1.00000    1.00000    1.00000    1.00000    1.00000    1.00000    1.00000    1.00000    1.00000    1.00000    1.00000    1.00000    1.00000    1.00000    1.00000    1.00000    1.00000    1.00000    1.00000    1.00000    1.00000    1.00000 
   1.00000    1.00000    1.00000    1.00000    1.00000    1.00000    1.00000    1.00000    1.00000    1.00000    1.00000    1.00000    1.00000    1.00000    1.00000    1.00000    1.00000    1.00000    1.00000    1.00000    1.00000    1.00000    1.00000    1.00000    1.00000    1.00000    1.00000    1.00000    1.00000    1.00000    1.00000    1.00000    1.00000    1.00000    1.00000    1.00000    1.00000    1.00000    1.00000    1.00000    1.00000    1.00000    1.00000    1.00000    1.00000    1.00000    1.00000    1.00000    1.00000    1.00000    1.00000    1.00000    1.00000    1.00000    1.00000    1.00000    1.00000    1.00000    1.00000    1.00000    1.00000    1.00000    1.00000    1.00000 
   1.00000    1.00000    1.00000    1.00000    1.00000    1.00000    1.00000    1.00000    1.00000    1.00000    1.00000    1.00000    1.00000    1.00000    1.00000    1.00000    1.00000    1.00000    1.00000    1.00000    1.00000    1.00000    1.00000    1.00000    1.00000    1.00000    1.00000    1.00000    1.00000    1.00000    1.00000    1.00000    1.00000    1.00000    1.00000    1.00000    1.00000    1.00000    1.00000    1.00000    1.00000    1.00000    1.00000    1.00000    1.00000    1.00000    1.00000    1.00000    1.00000    1.00000    1.00000    1.00000    1.00000    1.00000    1.00000    1.00000    1.00000    1.00000    1.00000    1.00000    1.00000    1.00000    1.00000    1.00000 
   1.00000    1.00000    1.00000    1.00000    1.00000    1.00000    1.00000    1.00000    1.00000    1.00000    1.00000    1.00000    1.00000    1.00000    1.00000    1.00000    1.00000    1.00000    1.00000    1.00000    1.00000    1.00000    1.00000    1.00000    1.00000    1.00000    1.00000    1.00000    1.00000    1.00000    1.00000    1.00000    1.00000    1.00000    1.00000    1.00000    1.00000    1.00000    1.00000    1.00000    1.00000    1.00000    1.00000    1.00000    1.00000    1.00000    1.00000    1.00000    1.00000    1.00000    1.00000    1.00000    1.00000    1.00000    1.00000    1.00000    1.00000    1.00000    1.00000    1.00000    1.00000    1.00000    1.00000    1.00000 
   1.00000    1.00000    1.00000    1.00000    1.00000    1.00000    1.00000    1.00000    1.00000    1.00000    1.00000    1.00000    1.00000    1.00000    1.00000    1.00000    1.00000    1.00000    1.00000    1.00000    1.00000    1.00000    1.00000    1.00000    1.00000    1.00000    1.00000    1.00000    1.00000    1.00000    1.00000    1.00000    1.00000    1.00000    1.00000    1.00000    1.00000    1.00000    1.00000    1.00000    1.00000    1.00000    1.00000    1.00000    1.00000    1.00000    1.00000    1.00000    1.00000    1.00000    1.00000    1.00000    1.00000    1.00000    1.00000    1.00000    1.00000    1.00000    1.00000    1.00000    1.00000    1.00000    1.00000    1.00000 
   1.00000    1.00000    1.00000    1.00000    1.00000    1.00000    1.00000    1.00000    1.00000    1.00000    1.00000    1.00000    1.00000    1.00000    1.00000    1.00000    1.00000    1.00000    1.00000    1.00000    1.00000    1.00000    1.00000    1.00000    1.00000    1.00000    1.00000    1.00000    1.00000    1.00000    1.00000    1.00000    1.00000    1.00000    1.00000    1.00000    1.00000    1.00000    1.00000    1.00000    1.00000    1.00000    1.00000    1.00000    1.00000    1.00000    1.00000    1.00000    1.00000    1.00000    1.00000    1.00000    1.00000    1.00000    1.00000    1.00000    1.00000    1.00000    1.00000    1.00000    1.00000    1.00000    1.00000    1.00000 
   1.00000    1.00000    1.00000    1.00000    1.00000    1.00000    1.00000    1.00000    1.00000    1.00000    1.00000    1.00000    1.00000    1.00000    1.00000    1.00000    1.00000    1.00000    1.00000    1.00000    1.00000    1.00000    1.00000    1.00000    1.00000    1.00000    1.00000    1.00000    1.00000    1.00000    1.00000    1.00000    1.00000    1.00000    1.00000    1.00000    1.00000    1.00000    1.00000    1.00000    1.00000    1.00000    1.00000    1.00000    1.00000    1.00000    1.00000    1.00000    1.00000    1.00000    1.00000    1.00000    1.00000    1.00000    1.00000    1.00000    1.00000    1.00000    1.00000    1.00000    1.00000    1.00000    1.00000    1.00000 
   1.00000    1.00000    1.00000    1.00000    1.00000    1.00000    1.00000    1.00000    1.00000    1.00000    1.00000    1.00000    1.00000    1.00000    1.00000    1.00000    1.00000    1.00000    1.00000    1.00000    1.00000    1.00000    1.00000    1.00000    1.00000    1.00000    1.00000    1.00000    1.00000    1.00000    1.00000    1.00000    1.00000    1.00000    1.00000    1.00000    1.00000    1.00000    1.00000    1.00000    1.00000    1.00000    1.00000    1.00000    1.00000    1.00000    1.00000    1.00000    1.00000    1.00000    1.00000    1.00000    1.00000    1.00000    1.00000    1.00000    1.00000    1.00000    1.00000    1.00000    1.00000    1.00000    1.00000    1.00000 
   1.00000    1.00000    1.00000    1.00000    1.00000    1.00000    1.00000    1.00000    1.00000    1.00000    1.00000    1.00000    1.00000    1.00000    1.00000    1.00000    1.00000    1.00000    1.00000    1.00000    1.00000    1.00000    1.00000    1.00000    1.00000    1.00000    1.00000    1.00000    1.00000    1.00000    1.00000    1.00000    1.00000    1.00000    1.00000    1.00000    1.00000    1.00000    1.00000    1.00000    1.00000    1.00000    1.00000    1.00000    1.00000    1.00000    1.00000    1.00000    1.00000    1.00000    1.00000    1.00000    1.00000    1.00000    1.00000    1.00000    1.00000    1.00000    1.00000    1.00000    1.00000    1.00000    1.00000    1.00000 
   1.00000    1.00000    1.00000    1.00000    1.00000    1.00000    1.00000    1.00000    1.00000    1.00000    1.00000    1.00000    1.00000    1.00000    1.00000    1.00000    1.00000    1.00000    1.00000    1.00000    1.00000    1.00000    1.00000    1.00000    1.00000    1.00000    1.00000    1.00000    1.00000    1.00000    1.00000    1.00000    1.00000    1.00000    1.00000    1.00000    1.00000    1.00000    1.00000    1.00000    1.00000    1.00000    1.00000    1.00000    1.00000    1.00000    1.00000    1.00000    1.00000    1.00000    1.00000    1.00000    1.00000    1.00000    1.00000    1.00000    1.00000    1.00000    1.00000    1.00000    1.00000    1.00000    1.00000    1.00000 
   1.00000    1.00000    1.00000    1.00000    1.00000    1.00000    1.00000    1.00000    1.00000    1.00000    1.00000    1.00000    1.00000    1.00000    1.00000    1.00000    1.00000    1.00000    1.00000    1.00000    1.00000    1.00000    1.00000    1.00000    1.00000    1.00000    1.00000    1.00000    1.00000    1.00000    1.00000    1.00000    1.00000    1.00000    1.00000    1.00000    1.00000    1.00000    1.00000    1.00000    1.00000    1.00000    1.00000    1.00000    1.00000    1.00000    1.00000    1.00000    1.00000    1.00000    1.00000    1.00000    1.00000    1.00000    1.00000    1.00000    1.00000    1.00000    1.00000    1.00000    1.00000    1.00000    1.00000    1.00000 
   1.00000    1.00000    1.00000    1.00000    1.00000    1.00000    1.00000    1.00000    1.00000    1.00000    1.00000    1.00000    1.00000    1.00000    1.00000    1.00000    1.00000    1.00000    1.00000    1.00000    1.00000    1.00000    1.00000    1.00000    1.00000    1.00000    1.00000    1.00000    1.00000    1.00000    1.00000    1.00000    1.00000    1.00000    1.00000    1.00000    1.00000    1.00000    1.00000    1.00000    1.00000    1.00000    1.00000    1.00000    1.00000    1.00000    1.00000    1.00000    1.00000    1.00000    1.00000    1.00000    1.00000    1.00000    1.00000    1.00000    1.00000    1.00000    1.00000    1.00000    1.00000    1.00000    1.00000    1.00000 
   1.00000    1.00000    1.00000    1.00000    1.00000    1.00000    1.00000    1.00000    1.00000    1.00000    1.00000    1.00000    1.00000    1.00000    1.00000    1.00000    1.00000    1.00000    1.00000    1.00000    1.00000    1.00000    1.00000    1.00000    1.00000    1.00000    1.00000    1.00000    1.00000    1.00000    1.00000    1.00000    1.00000    1.00000    1.00000    1.00000    1.00000    1.00000    1.00000    1.00000    1.00000    1.00000    1.00000    1.00000    1.00000    1.00000    1.00000    1.00000    1.00000    1.00000    1.00000    1.00000    1.00000    1.00000    1.00000    1.00000    1.00000    1.00000    1.00000    1.00000    1.00000    1.00000    1.00000    1.00000 
   1.00000    1.00000    1.00000    1.00000    1.00000    1.00000    1.00000    1.00000    1.00000    1.00000    1.00000    1.00000    1.00000    1.00000    1.00000    1.00000    1.00000    1.00000    1.00000    1.00000    1.00000    1.00000    1.00000    1.00000    1.00000    1.00000    1.00000    1.00000    1.00000    1.00000    1.00000    1.00000    1.00000    1.00000    1.00000    1.00000    1.00000    1.00000    1.00000    1.00000    1.00000    1.00000    1.00000    1.00000    1.00000    1.00000    1.00000    1.00000    1.00000    1.00000    1.00000    1.00000    1.00000    1.00000    1.00000    1.00000    1.00000    1.00000    1.00000    1.00000    1.00000    1.00000    1.00000    1.00000 
   1.00000    1.00000    1.00000    1.00000    1.00000    1.00000    1.00000    1.00000    1.00000    1.00000    1.00000    1.00000    1.00000    1.00000    1.00000    1.00000    1.00000    1.00000    1.00000    1.00000    1.00000    1.00000    1.00000    1.00000    1.00000    1.00000    1.00000    1.00000    1.00000    1.00000    1.00000    1.00000    1.00000    1.00000    1.00000    1.00000    1.00000    1.00000    1.00000    1.00000    1.00000    1.00000    1.00000    1.00000    1.00000    1.00000    1.00000    1.00000    1.00000    1.00000    1.00000    1.00000    1.00000    1.00000    1.00000    1.00000    1.00000    1.00000    1.00000    1.00000    1.00000    1.00000    1.00000    1.00000 
   1.00000    1.00000    1.00000    1.00000    1.00000    1.00000    1.00000    1.00000    1.00000    1.00000    1.00000    1.00000    1.00000    1.00000    1.00000    1.00000    1.00000    1.00000    1.00000    1.00000    1.00000    1.00000    1.00000    1.00000    1.00000    1.00000    1.00000    1.00000    1.00000    1.00000    1.00000    1.00000    1.00000    1.00000    1.00000    1.00000    1.00000    1.00000    1.00000    1.00000    1.00000    1.00000    1.00000    1.00000    1.00000    1.00000    1.00000    1.00000    1.00000    1.00000    1.00000    1.00000    1.00000    1.00000    1.00000    1.00000    1.00000    1.00000    1.00000    1.00000    1.00000    1.00000    1.00000    1.00000 
   1.00000    1.00000    1.00000    1.00000    1.00000    1.00000    1.00000    1.00000    1.00000    1.00000    1.00000    1.00000    1.00000    1.00000    1.00000    1.00000    1.00000    1.00000    1.00000    1.00000    1.00000    1.00000    1.00000    1.00000    1.00000    1.00000    1.00000    1.00000    1.00000    1.00000    1.00000    1.00000    1.00000    1.00000    1.00000    1.00000    1.00000    1.00000    1.00000    1.00000    1.00000    1.00000    1.00000    1.00000    1.00000    1.00000    1.00000    1.00000    1.00000    1.00000    1.00000    1.00000    1.00000    1.00000    1.00000    1.00000    1.00000    1.00000    1.00000    1.00000    1.00000    1.00000    1.00000    1.00000 
   1.00000    1.00000    1.00000    1.00000    1.00000    1.00000    1.00000    1.00000    1.00000    1.00000    1.00000    1.00000    1.00000    1.00000    1.00000    1.00000    1.00000    1.00000    1.00000    1.00000    1.00000    1.00000    1.00000    1.00000    1.00000    1.00000    1.00000    1.00000    1.00000    1.00000    1.00000    1.00000    1.00000    1.00000    1.00000    1.00000    1.00000    1.00000    1.00000    1.00000    1.00000    1.00000    1.00000    1.00000    1.00000    1.00000    1.00000    1.00000    1.00000    1.00000    1.00000    1.00000    1.00000    1.00000    1.00000    1.00000    1.00000    1.00000    1.00000    1.00000    1.00000    1.00000    1.00000    1.00000 
   1.00000    1.00000    1.00000    1.00000    1.00000    1.00000    1.00000    1.00000    1.00000    1.00000    1.00000    1.00000    1.00000    1.00000    1.00000    1.00000    1.00000    1.00000    1.00000    1.00000    1.00000    1.00000    1.00000    1.00000    1.00000    1.00000    1.00000    1.00000    1.00000    1.00000    1.00000    1.00000    1.00000    1.00000    1.00000    1.00000    1.00000    1.00000    1.00000    1.00000    1.00000    1.00000    1.00000    1.00000    1.00000    1.00000    1.00000    1.00000    1.00000    1.00000    1.00000    1.00000    1.00000    1.00000    1.00000    1.00000    1.00000    1.00000    1.00000    1.00000    1.00000    1.00000    1.00000    1.00000 
   1.00000    1.00000    1.00000    1.00000    1.00000    1.00000    1.00000    1.00000    1.00000    1.00000    1.00000    1.00000    1.00000    1.00000    1.00000    1.00000    1.00000    1.00000    1.00000    1.00000    1.00000    1.00000    1.00000    1.00000    1.00000    1.00000    1.00000    1.00000    1.00000    1.00000    1.00000    1.00000    1.00000    1.00000    1.00000    1.00000    1.00000    1.00000    1.00000    1.00000    1.00000    1.00000    1.00000    1.00000    1.00000    1.00000    1.00000    1.00000    1.00000    1.00000    1.00000    1.00000    1.00000    1.00000    1.00000    1.00000    1.00000    1.00000    1.00000    1.00000    1.00000    1.00000    1.00000    1.00000 
   1.00000    1.00000    1.00000    1.00000    1.00000    1.00000    1.00000    1.00000    1.00000    1.00000    1.00000    1.00000    1.00000    1.00000    1.00000    1.00000    1.00000    1.00000    1.00000    1.00000    1.00000    1.00000    1.00000    1.00000    1.00000    1.00000    1.00000    1.00000    1.00000    1.00000    1.00000    1.00000    1.00000    1.00000    1.00000    1.00000    1.00000    1.00000    1.00000    1.00000    1.00000    1.00000    1.00000    1.00000    1.00000    1.00000    1.00000    1.00000    1.00000    1.00000    1.00000    1.00000    1.00000    1.00000    1.00000    1.00000    1.00000    1.00000    1.00000    1.00000    1.00000    1.00000    1.00000    1.00000 
   1.00000    1.00000    1.00000    1.00000    1.00000    1.00000    1.00000    1.00000    1.00000    1.00000    1.00000    1.00000    1.00000    1.00000    1.00000    1.00000    1.00000    1.00000    1.00000    1.00000    1.00000    1.00000    1.00000    1.00000    1.00000    1.00000    1.00000    1.00000    1.00000    1.00000    1.00000    1.00000    1.00000    1.00000    1.00000    1.00000    1.00000    1.00000    1.00000    1.00000    1.00000    1.00000    1.00000    1.00000    1.00000    1.00000    1.00000    1.00000    1.00000    1.00000    1.00000    1.00000    1.00000    1.00000    1.00000    1.00000    1.00000    1.00000    1.00000    1.00000    1.00000    1.00000    1.00000    1.00000 
   1.00000    1.00000    1.00000    1.00000    1.00000    1.00000    1.00000    1.00000    1.00000    1.00000    1.00000    1.00000    1.00000    1.00000    1.00000    1.00000    1.00000    1.00000    1.00000    1.00000    1.00000    1.00000    1.00000    1.00000    1.00000    1.00000    1.00000    1.00000    1.00000    1.00000    1.00000    1.00000    1.00000    1.00000    1.00000    1.00000    1.00000    1.00000    1.00000    1.00000    1.00000    1.00000    1.00000    1.00000    1.00000    1.00000    1.00000    1.00000    1.00000    1.00000    1.00000    1.00000    1.00000    1.00000    1.00000    1.00000    1.00000    1.00000    1.00000    1.00000    1.00000    1.00000    1.00000    1.00000 
   1.00000    1.00000    1.00000    1.00000    1.00000    1.00000    1.00000    1.00000    1.00000    1.00000    1.00000    1.00000    1.00000    1.00000    1.00000    1.00000    1.00000    1.00000    1.00000    1.00000    1.00000    1.00000    1.00000    1.00000    1.00000    1.00000    1.00000    1.00000    1.00000    1.00000    1.00000    1.00000    1.00000    1.00000    1.00000    1.00000    1.00000    1.00000    1.00000    1.00000    1.00000    1.00000    1.00000    1.00000    1.00000    1.00000    1.00000    1.00000    1.00000    1.00000    1.00000    1.00000    1.00000    1.00000    1.00000    1.00000    1.00000    1.00000    1.00000    1.00000    1.00000    1.00000    1.00000    1.00000 
   1.00000    1.00000    1.00000    1.00000    1.00000    1.00000    1.00000    1.00000    1.00000    1.00000    1.00000    1.00000    1.00000    1.00000    1.00000    1.00000    1.00000    1.00000    1.00000    1.00000    1.00000    1.00000    1.00000    1.00000    1.00000    1.00000    1.00000    1.00000    1.00000    1.00000    1.00000    1.00000    1.00000    1.00000    1.00000    1.00000    1.00000    1.00000    1.00000    1.00000    1.00000    1.00000    1.00000    1.00000    1.00000    1.00000    1.00000    1.00000    1.00000    1.00000    1.00000    1.00000    1.00000    1.00000    1.00000    1.00000    1.00000    1.00000    1.00000    1.00000    1.00000    1.00000    1.00000    1.00000 
   1.00000    1.00000    1.00000    1.00000    1.00000    1.00000    1.00000    1.00000    1.00000    1.00000    1.00000    1.00000    1.00000    1.00000    1.00000    1.00000    1.00000    1.00000    1.00000    1.00000    1.00000    1.00000    1.00000    1.00000    1.00000    1.00000    1.00000    1.00000    1.00000    1.00000    1.00000    1.00000    1.00000    1.00000    1.00000    1.00000    1.00000    1.00000    1.00000    1.00000    1.00000    1.00000    1.00000    1.00000    1.00000    1.00000    1.00000    1.00000    1.00000    1.00000    1.00000    1.00000    1.00000    1.00000    1.00000    1.00000    1.00000    1.00000    1.00000    1.00000    1.00000    1.00000    1.00000    1.00000 
   1.00000    1.00000    1.00000    1.00000    1.00000    1.00000    1.00000    1.00000    1.00000    1.00000    1.00000    1.00000    1.00000    1.00000    1.00000    1.00000    1.00000    1.00000    1.00000    1.00000    1.00000    1.00000    1.00000    1.00000    1.00000    1.00000    1.00000    1.00000    1.00000    1.00000    1.00000    1.00000    1.00000    1.00000    1.00000    1.00000    1.00000    1.00000    1.00000    1.00000    1.00000    1.00000    1.00000    1.00000    1.00000    1.00000    1.00000    1.00000    1.00000    1.00000    1.00000    1.00000    1.00000    1.00000    1.00000    1.00000    1.00000    1.00000    1.00000    1.00000    1.00000    1.00000    1.00000    1.00000 
   1.00000    1.00000    1.00000    1.00000    1.00000    1.00000    1.00000    1.00000    1.00000    1.00000    1.00000    1.00000    1.00000    1.00000    1.00000    1.00000    1.00000    1.00000    1.00000    1.00000    1.00000    1.00000    1.00000    1.00000    1.00000    1.00000    1.00000    1.00000    1.00000    1.00000    1.00000    1.00000    1.00000    1.00000    1.00000    1.00000    1.00000    1.00000    1.00000    1.00000    1.00000    1.00000    1.00000    1.00000    1.00000    1.00000    1.00000    1.00000    1.00000    1.00000    1.00000    1.00000    1.00000    1.00000    1.00000    1.00000    1.00000    1.00000    1.00000    1.00000    1.00000    1.00000    1.00000    1.00000 
   1.00000    1.00000    1.00000    1.00000    1.00000    1.00000    1.00000    1.00000    1.00000    1.00000    1.00000    1.00000    1.00000    1.00000    1.00000    1.00000    1.00000    1.00000    1.00000    1.00000    1.00000    1.00000    1.00000    1.00000    1.00000    1.00000    1.00000    1.00000    1.00000    1.00000    1.00000    1.00000    1.00000    1.00000    1.00000    1.00000    1.00000    1.00000    1.00000    1.00000    1.00000    1.00000    1.00000    1.00000    1.00000    1.00000    1.00000    1.00000    1.00000    1.00000    1.00000    1.00000    1.00000    1.00000    1.00000    1.00000    1.00000    1.00000    1.00000    1.00000    1.00000    1.00000    1.00000    1.00000 
   1.00000    1.00000    1.00000    1.00000    1.00000    1.00000    1.00000    1.00000    1.00000    1.00000    1.00000    1.00000    1.00000    1.00000    1.00000    1.00000    1.00000    1.00000    1.00000    1.00000    1.00000    1.00000    1.00000    1.00000    1.00000    1.00000    1.00000    1.00000    1.00000    1.00000    1.00000    1.00000    1.00000    1.00000    1.00000    1.00000    1.00000    1.00000    1.00000    1.00000    1.00000    1.00000    1.00000    1.00000    1.00000    1.00000    1.00000    1.00000    1.00000    1.00000    1.00000    1.00000    1.00000    1.00000    1.00000    1.00000    1.00000    1.00000    1.00000    1.00000    1.00000    1.00000    1.00000    1.00000 
   1.00000    1.00000    1.00000    1.00000    1.00000    1.00000    1.00000    1.00000    1.00000    1.00000    1.00000    1.00000    1.00000    1.00000    1.00000    1.00000    1.00000    1.00000    1.00000    1.00000    1.00000    1.00000    1.00000    1.00000    1.00000    1.00000    1.00000    1.00000    1.00000    1.00000    1.00000    1.00000    1.00000    1.00000    1.00000    1.00000    1.00000    1.00000    1.00000    1.00000    1.00000    1.00000    1.00000    1.00000    1.00000    1.00000    1.00000    1.00000    1.00000    1.00000    1.00000    1.00000    1.00000    1.00000    1.00000    1.00000    1.00000    1.00000    1.00000    1.00000    1.00000    1.00000    1.00000    1.00000 
   1.00000    1.00000    1.00000    1.00000    1.00000    1.00000    1.00000    1.00000    1.00000    1.00000    1.00000    1.00000    1.00000    1.00000    1.00000    1.00000    1.00000    1.00000    1.00000    1.00000    1.00000    1.00000    1.00000    1.00000    1.00000    1.00000    1.00000    1.00000    1.00000    1.00000    1.00000    1.00000    1.00000    1.00000    1.00000    1.00000    1.00000    1.00000    1.00000    1.00000    1.00000    1.00000    1.00000    1.00000    1.00000    1.00000    1.00000    1.00000    1.00000    1.00000    1.00000    1.00000    1.00000    1.00000    1.00000    1.00000    1.00000    1.00000    1.00000    1.00000    1.00000    1.00000    1.00000    1.00000 
   1.00000    1.00000    1.00000    1.00000    1.00000    1.00000    1.00000    1.00000    1.00000    1.00000    1.00000    1.00000    1.00000    1.00000    1.00000    1.00000    1.00000    1.00000    1.00000    1.00000    1.00000    1.00000    1.00000    1.00000    1.00000    1.00000    1.00000    1.00000    1.00000    1.00000    1.00000    1.00000    1.00000    1.00000    1.00000    1.00000    1.00000    1.00000    1.00000    1.00000    1.00000    1.00000    1.00000    1.00000    1.00000    1.00000    1.00000    1.00000    1.00000    1.00000    1.00000    1.00000    1.00000    1.00000    1.00000    1.00000    1.00000    1.00000    1.00000    1.00000    1.00000    1.00000    1.00000    1.00000 
   1.00000    1.00000    1.00000    1.00000    1.00000    1.00000    1.00000    1.00000    1.00000    1.00000    1.00000    1.00000    1.00000    1.00000    1.00000    1.00000    1.00000    1.00000    1.00000    1.00000    1.00000    1.00000    1.00000    1.00000    1.00000    1.00000    1.00000    1.00000    1.00000    1.00000    1.00000    1.00000    1.00000    1.00000    1.00000    1.00000    1.00000    1.00000    1.00000    1.00000    1.00000    1.00000    1.00000    1.00000    1.00000    1.00000    1.00000    1.00000    1.00000    1.00000    1.00000    1.00000    1.00000    1.00000    1.00000    1.00000    1.00000    1.00000    1.00000    1.00000    1.00000    1.00000    1.00000    1.00000 
   1.00000    1.00000    1.00000    1.00000    1.00000    1.00000    1.00000    1.00000    1.00000    1.00000    1.00000    1.00000    1.00000    1.00000    1.00000    1.00000    1.00000    1.00000    1.00000    1.00000    1.00000    1.00000    1.00000    1.00000    1.00000    1.00000    1.00000    1.00000    1.00000    1.00000    1.00000    1.00000    1.00000    1.00000    1.00000    1.00000    1.00000    1.00000    1.00000    1.00000    1.00000    1.00000    1.00000    1.00000    1.00000    1.00000    1.00000    1.00000    1.00000    1.00000    1.00000    1.00000    1.00000    1.00000    1.00000    1.00000    1.00000    1.00000    1.00000    1.00000    1.00000    1.00000    1.00000    1.00000 
   1.00000    1.00000    1.00000    1.00000    1.00000    1.00000    1.00000    1.00000    1.00000    1.00000    1.00000    1.00000    1.00000    1.00000    1.00000    1.00000    1.00000    1.00000    1.00000    1.00000    1.00000    1.00000    1.00000    1.00000    1.00000    1.00000    1.00000    1.00000    1.00000    1.00000    1.00000    1.00000    1.00000    1.00000    1.00000    1.00000    1.00000    1.00000    1.00000    1.00000    1.00000    1.00000    1.00000    1.00000    1.00000    1.00000    1.00000    1.00000    1.00000    1.00000    1.00000    1.00000    1.00000    1.00000    1.00000    1.00000    1.00000    1.00000    1.00000    1.00000    1.00000    1.00000    1.00000    1.00000 
   1.00000    1.00000    1.00000    1.00000    1.00000    1.00000    1.00000    1.00000    1.00000    1.00000    1.00000    1.00000    1.00000    1.00000    1.00000    1.00000    1.00000    1.00000    1.00000    1.00000    1.00000    1.00000    1.00000    1.00000    1.00000    1.00000    1.00000    1.00000    1.00000    1.00000    1.00000    1.00000    1.00000    1.00000    1.00000    1.00000    1.00000    1.00000    1.00000    1.00000    1.00000    1.00000    1.00000    1.00000    1.00000    1.00000    1.00000    1.00000    1.00000    1.00000    1.00000    1.00000    1.00000    1.00000    1.00000    1.00000    1.00000    1.00000    1.00000    1.00000    1.00000    1.00000    1.00000    1.00000 
   1.00000    1.00000    1.00000    1.00000    1.00000    1.00000    1.00000    1.00000    1.00000    1.00000    1.00000    1.00000    1.00000    1.00000    1.00000    1.00000    1.00000    1.00000    1.00000    1.00000    1.00000    1.00000    1.00000    1.00000    1.00000    1.00000    1.00000    1.00000    1.00000    1.00000    1.00000    1.00000    1.00000    1.00000    1.00000    1.00000    1.00000    1.00000    1.00000    1.00000    1.00000    1.00000    1.00000    1.00000    1.00000    1.00000    1.00000    1.00000    1.00000    1.00000    1.00000    1.00000    1.00000    1.00000    1.00000    1.00000    1.00000    1.00000    1.00000    1.00000    1.00000    1.00000    1.00000    1.00000 
   1.00000    1.00000    1.00000    1.00000    1.00000    1.00000    1.00000    1.00000    1.00000    1.00000    1.00000    1.00000    1.00000    1.00000    1.00000    1.00000    1.00000    1.00000    1.00000    1.00000    1.00000    1.00000    1.00000    1.00000    1.00000    1.00000    1.00000    1.00000    1.00000    1.00000    1.00000    1.00000    1.00000    1.00000    1.00000    1.00000    1.00000    1.00000    1.00000    1.00000    1.00000    1.00000    1.00000    1.00000    1.00000    1.00000    1.00000    1.00000    1.00000    1.00000    1.00000    1.00000    1.00000    1.00000    1.00000    1.00000    1.00000    1.00000    1.00000    1.00000    1.00000    1.00000    1.00000    1.00000 
   1.00000    1.00000    1.00000    1.00000    1.00000    1.00000    1.00000    1.00000    1.00000    1.00000    1.00000    1.00000    1.00000    1.00000    1.00000    1.00000    1.00000    1.00000    1.00000    1.00000    1.00000    1.00000    1.00000    1.00000    1.00000    1.00000    1.00000    1.00000    1.00000    1.00000    1.00000    1.00000    1.00000    1.00000    1.00000    1.00000    1.00000    1.00000    1.00000    1.00000    1.00000    1.00000    1.00000    1.00000    1.00000    1.00000    1.00000    1.00000    1.00000    1.00000    1.00000    1.00000    1.00000    1.00000    1.00000    1.00000    1.00000    1.00000    1.00000    1.00000    1.00000    1.00000    1.00000    1.00000 
   1.00000    1.00000    1.00000    1.00000    1.00000    1.00000    1.00000    1.00000    1.00000    1.00000    1.00000    1.00000    1.00000    1.00000    1.00000    1.00000    1.00000    1.00000    1.00000    1.00000    1.00000    1.00000    1.00000    1.00000    1.00000    1.00000    1.00000    1.00000    1.00000    1.00000    1.00000    1.00000    1.00000    1.00000    1.00000    1.00000    1.00000    1.00000    1.00000    1.00000    1.00000    1.00000    1.00000    1.00000    1.00000    1.00000    1.00000    1.00000    1.00000    1.00000    1.00000    1.00000    1.00000    1.00000    1.00000    1.00000    1.00000    1.00000    1.00000    1.00000    1.00000    1.00000    1.00000    1.00000 
   1.00000    1.00000    1.00000    1.00000    1.00000    1.00000    1.00000    1.00000    1.00000    1.00000    1.00000    1.00000    1.00000    1.00000    1.00000    1.00000    1.00000    1.00000    1.00000    1.00000    1.00000    1.00000    1.00000    1.00000    1.00000    1.00000    1.00000    1.00000    1.00000    1.00000    1.00000    1.00000    1.00000    1.00000    1.00000    1.00000    1.00000    1.00000    1.00000    1.00000    1.00000    1.00000    1.00000    1.00000    1.00000    1.00000    1.00000    1.00000    1.00000    1.00000    1.00000    1.00000    1.00000    1.00000    1.00000    1.00000    1.00000    1.00000    1.00000    1.00000    1.00000    1.00000    1.00000    1.00000 
   1.00000    1.00000    1.00000    1.00000    1.00000    1.00000    1.00000    1.00000    1.00000    1.00000    1.00000    1.00000    1.00000    1.00000    1.00000    1.00000    1.00000    1.00000    1.00000    1.00000    1.00000    1.00000    1.00000    1.00000    1.00000    1.00000    1.00000    1.00000    1.00000    1.00000    1.00000    1.00000    1.00000    1.00000    1.00000    1.00000    1.00000    1.00000    1.00000    1.00000    1.00000    1.00000    1.00000    1.00000    1.00000    1.00000    1.00000    1.00000    1.00000    1.00000    1.00000    1.00000    1.00000    1.00000    1.00000    1.00000    1.00000    1.00000    1.00000    1.00000    1.00000    1.00000    1.00000    1.00000 
   1.00000    1.00000    1.00000    1.00000    1.00000    1.00000    1.00000    1.00000    1.00000    1.00000    1.00000    1.00000    1.00000    1.00000    1.00000    1.00000    1.00000    1.00000    1.00000    1.00000    1.00000    1.00000    1.00000    1.00000    1.00000    1.00000    1.00000    1.00000    1.00000    1.00000    1.00000    1.00000    1.00000    1.00000    1.00000    1.00000    1.00000    1.00000    1.00000    1.00000    1.00000    1.00000    1.00000    1.00000    1.00000    1.00000    1.00000    1.00000    1.00000    1.00000    1.00000    1.00000    1.00000    1.00000    1.00000    1.00000    1.00000    1.00000    1.00000    1.00000    1.00000    1.00000    1.00000    1.00000 
   1.00000    1.00000    1.00000    1.00000    1.00000    1.00000    1.00000    1.00000    1.00000    1.00000    1.00000    1.00000    1.00000    1.00000    1.00000    1.00000    1.00000    1.00000    1.00000    1.00000    1.00000    1.00000    1.00000    1.00000    1.00000    1.00000    1.00000    1.00000    1.00000    1.00000    1.00000    1.00000    1.00000    1.00000    1.00000    1.00000    1.00000    1.00000    1.00000    1.00000    1.00000    1.00000    1.00000    1.00000    1.00000    1.00000    1.00000    1.00000    1.00000    1.00000    1.00000    1.00000    1.00000    1.00000    1.00000    1.00000    1.00000    1.00000    1.00000    1.00000    1.00000    1.00000    1.00000    1.00000 
   1.00000    1.00000    1.00000    1.00000    1.00000    1.00000    1.00000    1.00000    1.00000    1.00000    1.00000    1.00000    1.00000    1.00000    1.00000    1.00000    1.00000    1.00000    1.00000    1.00000    1.00000    1.00000    1.00000    1.00000    1.00000    1.00000    1.00000    1.00000    1.00000    1.00000    1.00000    1.00000    1.00000    1.00000    1.00000    1.00000    1.00000    1.00000    1.00000    1.00000    1.00000    1.00000    1.00000    1.00000    1.00000    1.00000    1.00000    1.00000    1.00000    1.00000    1.00000    1.00000    1.00000    1.00000    1.00000    1.00000    1.00000    1.00000    1.00000    1.00000    1.00000    1.00000    1.00000    1.00000 
   1.00000    1.00000    1.00000    1.00000    1.00000    1.00000    1.00000    1.00000    1.00000    1.00000    1.00000    1.00000    1.00000    1.00000    1.00000    1.00000    1.00000    1.00000    1.00000    1.00000    1.00000    1.00000    1.00000    1.00000    1.00000    1.00000    1.00000    1.00000    1.00000    1.00000    1.00000    1.00000    1.00000    1.00000    1.00000    1.00000    1.00000    1.00000    1.00000    1.00000    1.00000    1.00000    1.00000    1.00000    1.00000    1.00000    1.00000    1.00000    1.00000    1.00000    1.00000    1.00000    1.00000    1.00000    1.00000    1.00000    1.00000    1.00000    1.00000    1.00000    1.00000    1.00000    1.00000    1.00000 
   1.00000    1.00000    1.00000    1.00000    1.00000    1.00000    1.00000    1.00000    1.00000    1.00000    1.00000    1.00000    1.00000    1.00000    1.00000    1.00000    1.00000    1.00000    1.00000    1.00000    1.00000    1.00000    1.00000    1.00000    1.00000    1.00000    1.00000    1.00000    1.00000    1.00000    1.00000    1.00000    1.00000    1.00000    1.00000    1.00000    1.00000    1.00000    1.00000    1.00000    1.00000    1.00000    1.00000    1.00000 